4
7
18
19
23
25
26
27
28
29
30
31
33
38
41
44
46
49
53
55
58
59
60
64
65
66
67
68
69
70
82
84
85
86
87
88
89
90
93
97
101
105
109
116
118
127
129
138
139
140
141
145
150
152
153
155
156
159
160
162
165
170
175
176
177
184
186
187
190
200
201
202
210
214
221
222
230
235
237
238
239
244
246
251
252
254
255
256
259
262
267
269
270
272
273
277
279
280
289
291
292
293
295
304
312
314
315
317
319
320
321
322
327
337
338
344
346
350
351
360
364
365
368
374
381
383
385
404
408
410
418
422
423
426
432
433
