1
5
6
22
29
30
31
47
51
53
55
74
75
78
79
80
81
94
97
99
101
120
150
151
152
179
181
185
186
188
191
192
193
194
195
196
197
198
199
200
202
203
255
258
262
268
288
290
293
296
295
315
316
317
318
319
320
321
326
327
328
329
330
331
332
333
336
349
350
351
386
388
390
393
395
396
399
401
402
403
404
437
441
445
446
461
479
484
485
486
487
489
491
525
531
558
560
599
601
602
606
610
612
631
632
634
635
654
661
688
690
706
707
709
710
711
712
713
714
715
732
735
736
748
750
769
770
771
773
774
775
776
794
795
796
797
798
810
811
812
814
815
834
835
836
837
838
840
853
854
855
856
857
858
859
877
881
882
884
885
886
897
900
903
908
909
910
912
913
925
926
927
928
929
930
931
